1000
1005
1008
1012
1013
1019
1022
1024
1026
1032
1038
1039
1040
1047
1048
1049
1050
1051
1053
1055
1056
1057
1058
1061
1064
1072
1073
1074
1075
1077
1082
1095
1097
1101
1103
1107
1108
1140
1141
1142
1143
1145
1146
1159
1160
1167
1168
1170
1171
1172
1173
1174
1175
1176
1177
1183
1186
1198
1199
1201
1202
219
220
221
222
223
225
226
227
228
229
230
231
232
233
234
235
236
237
238
239
240
241
242
243
244
245
246
247
248
249
250
251
252
253
254
255
256
257
258
259
260
261
262
263
267
268
269
270
271
272
273
274
275
276
277
278
279
280
281
282
284
285
286
287
288
289
290
291
292
293
294
295
296
297
298
299
863
865
880
881
883
886
888
892
898
903
906
907
910
911
912
914
915
920
921
923
924
925
926
927
928
929
930
931
932
933
934
936
937
938
943
944
945
946
950
951
952
955
956
958
961
962
963
964
965
966
967
970
971
972
973
975
977
980
982
987
989
990
994
995
998